s_harai rows: 24

jyocd racenum  tan_pay1 payfukusyoumaban1 payfukusyopay1 payfukusyoumaban2 payfukusyopay2 payfukusyoumaban3 payfukusyopay3
   06      01 000000220                08      000000110                05      000000160                12      000000200
   06      02 000000190                05      000000110                14      000000160                11      000000480
   06      03 000000750                01      000000190                03      000000140                02      000000310
   06      04 000000630                12      000000200                08      000000430                11      000000330
   06      05 000000400                03      000000140                11      000000470                13      000000120
   06      06 000000750                08      000000290                07      000000260                04      000000120
   06      07 000000200                01      000000110                09      000000440                07      000000140
   06      08 000000910                05      000000300                03      000000180                01      000000240
   06      09 000005640                12      000001440                04      000000180                13      000000180
   06      10 000000610                03      000000170                06      000000110                11      000000170
   06      11 000001590                11      000000450                16      000000320                08      000000210
   06      12 000010110                12      000002700                01      000000390                14      000000220
   09      01 000000140                16      000000110                12      000000320                15      000000240
   09      02 000000330                15      000000170                11      000000330                01      000000220
   09      03 000001400                11      000000170                06      000000150                13      000000110
   09      04 000000430                06      000000150                11      000000130                09      000001260
   09      05 000001180                11      000000240                16      000000120                08      000000280
   09      06 000001120                02      000000230                14      000000460                06      000000110
   09      07 000000300                05      000000110                08      000000150                04      000000120
   09      08 000000270                02      000000110                01      000000130                07      000000140
   09      09 000000290                04      000000120                02      000000110                03      000000190
   09      10 000001000                05      000000190                07      000000110                12      000000170
   09      11 000001380                14      000000470                11      000003770                10      000000260
   09      12 000025240                11      000002650                05      000000110                03      000000180